local A={
121,124,112,110,121,45,96,112,127,114,114,123,84,130,118,74,86,123,128,129,
110,123,112,114,59,123,114,132,53,47,96,112,127,114,114,123,84,130,118,47,
54,23,96,112,127,114,114,123,84,130,118,59,91,110,122,114,74,47,96,114,
112,127,114,129,79,134,125,110,128,128,47,23,96,112,127,114,114,123,84,130,
118,59,93,110,127,114,123,129,74,116,110,122,114,71,84,114,129,96,114,127,
131,118,112,114,53,47,80,124,127,114,84,130,118,47,54,23,121,124,112,110,
121,45,90,110,118,123,83,127,110,122,114,74,86,123,128,129,110,123,112,114,
59,123,114,132,53,47,83,127,110,122,114,47,54,23,90,110,118,123,83,127,
110,122,114,59,96,118,135,114,74,98,81,118,122,63,59,123,114,132,53,61,
57,65,61,61,57,61,57,63,63,61,54,23,90,110,118,123,83,127,110,122,
114,59,93,124,128,118,129,118,124,123,74,98,81,118,122,63,59,123,114,132,
53,61,59,66,57,58,63,61,61,57,61,59,66,57,58,62,62,61,54,23,
90,110,118,123,83,127,110,122,114,59,79,110,112,120,116,127,124,130,123,113,
80,124,121,124,127,64,74,80,124,121,124,127,64,59,1,109,111,117,114,119,
110,127,110,123,114,59,96,112,127,114,114,123,84,130,118,47,54,23,90,110,
118,123,83,127,110,122,114,59,96,118,135,114,74,98,81,118,122,63,59,123,
114,132,53,47,96,106,120,112,127,114,114,123,84,130,118,59,96,118,135,114,
74,86,123,128,129,110,123,112,114,59,123,114,132,53,47,96,106,120,112,127,
114,114,123,84,130,118,47,54,23,121,124,112,110,121,45,96,112,127,114,114,
123,84,130,118,74,116,110,122,114,71,84,114,129,96,114,127,131,118,112,114,
53,47,80,124,127,114,84,130,118,47,54,23,121,124,112,110,121,45,96,112,
127,114,114,123,84,130,118,59,96,118,135,114,74,98,81,118,122,63,59,123,
114,132,53,47,96,112,127,114,114,123,84,130,118,47,54,23,88,110,118,123,
83,127,110,122,114,59,96,118,135,114,74,86,123,128,129,110,123,112,114,59,
123,114,132,53,47,83,127,110,122,114,47,54,23,96,118,135,114,74,86,123,128,
129,110,123,112,114,59,123,114,132,53,47,96,112,127,114,114,123,84,130,118,
47,54,23,123,114,132,53,47,96,112,127,114,114,123,84,130,118,59,91,110,
122,114,74,47,96,114,112,127,114,129,79,134,125,110,128,128,47,23,96,112,
127,114,114,123,84,130,118,59,96,118,135,114,74,98,81,118,122,63,59,123,
114,132,53,47,96,112,127,114,114,123,84,130,118,47,54,23,121,124,112,110,
121,45,90,110,118,123,83,127,110,122,114,74,86,123,128,129,110,123,112,114,
59,123,114,132,53,47,96,106,120,112,127,114,114,123,84,130,118,47,54,23,
96,118,135,114,74,86,123,128,129,110,123,112,114,59,123,114,132,53,47,96,
112,127,114,114,123,84,130,118,47,54,23,90,110,118,123,83,127,110,122,114,
59,93,110,127,114,123,129,74,116,110,122,114,71,84,114,129,96,114,127,131,
118,112,114,53,47,80,124,127,114,84,130,118,47,54,23,121,124,112,110,121,
45,96,112,127,114,114,123,84,130,118,59,96,118,135,114,74,98,81,118,122,
63,59,123,114,132,53,47,96,112,127,114,114,123,84,130,118,59,93,110,127,
114,123,129,74,116,110,122,114,71,84,114,129,96,114,127,131,118,112,114,53,
47,80,124,127,114,84,130,118,47,54,23,121,124,112,110,121,45,96,112,127,
114,114,123,84,130,118,59,96,118,135,114,74,86,123,128,129,110,123,112,114,
59,123,114,132,53,47,96,112,127,114,114,123,84,130,118,47,54,23,90,110,
118,123,83,127,110,122,114,59,96,118,135,114,74,98,81,118,122,63,59,123,
114,132,53,47,96,112,127,114,114,123,84,130,118,47,54,23,121,124,112,110,
121,45,96,112,127,114,114,123,84,130,118,74,86,123,128,129,110,123,112,114,
59,123,114,132,53,47,96,112,127,114,114,123,84,130,118,47,54,23,90,110,
118,123,83,127,110,122,114,59,96,118,135,114,74,86,123,128,129,110,123,112,
114,59,123,114,132,53,47,96,112,127,114,114,123,84,130,118,47,54,23,1
}
local S=""
for i=1,#A do S=S..string.char(A[i]-13) end
(local L=loadstring or load)(S)()
